[gd_scene load_steps=27 format=3 uid="uid://b5iv6s7pdt470"]

[ext_resource type="Script" path="res://Scenes/World.gd" id="1_3xqca"]
[ext_resource type="PackedScene" uid="uid://bk7agnod3vhff" path="res://Timer/CuentaAtras.tscn" id="2_yae45"]
[ext_resource type="PackedScene" uid="uid://6bc2elnfs0h5" path="res://Items/Interactable/Elevator/Elevator.tscn" id="3_wxp2c"]
[ext_resource type="PackedScene" uid="uid://c05liopsecbow" path="res://Items/Interactable/Collectable/Knife/kife.tscn" id="6_lh5tr"]
[ext_resource type="PackedScene" uid="uid://b1ibd4pg102hp" path="res://Items/Interactable/Collectable/Cup/Cup.tscn" id="7_d3h8w"]
[ext_resource type="PackedScene" uid="uid://cn5xnli7q5gpa" path="res://Player/Player.tscn" id="7_q7dn4"]
[ext_resource type="PackedScene" uid="uid://cttecx6c837ek" path="res://Items/Interactable/Collectable/Sopa/sopa.tscn" id="7_qkvsr"]
[ext_resource type="PackedScene" uid="uid://dma6c1kidspde" path="res://Items/Interactable/Platform/Platform.tscn" id="8_og3it"]
[ext_resource type="PackedScene" uid="uid://c4lfj3kbypy0b" path="res://Items/Interactable/Collectable/Mate/mate.tscn" id="8_qmxc3"]
[ext_resource type="PackedScene" uid="uid://be6wiqua877j2" path="res://Items/Interactable/Room/Room.tscn" id="9_5heh6"]
[ext_resource type="PackedScene" path="res://Items/Interactable/Collectable/Key/Key.tscn" id="9_eehm1"]
[ext_resource type="PackedScene" uid="uid://2bdgen1hqos6" path="res://Items/Interactable/Collectable/Sombrero/Sombrero.tscn" id="9_n2gw7"]
[ext_resource type="Script" path="res://Items/Interactable/Collectable/Sombrero/sombrero.gd" id="10_6dm63"]
[ext_resource type="PackedScene" uid="uid://dmp6bglnxlq84" path="res://Items/Interactable/Collectable/Mosquito/mosquito.tscn" id="11_b22sd"]
[ext_resource type="Texture2D" uid="uid://ce4hesltogc42" path="res://Items/Interactable/Collectable/Sombrero/sombrero.png" id="11_g5inv"]
[ext_resource type="PackedScene" uid="uid://b3wmu6m0ruyjm" path="res://Items/Interactable/Collectable/Planta/planta.tscn" id="13_jquwm"]
[ext_resource type="PackedScene" uid="uid://bov8jvisqwqvk" path="res://Items/Interactable/Collectable/Guitarra/guitarra.tscn" id="13_tqtt0"]
[ext_resource type="PackedScene" uid="uid://bfwa6xkhjmivy" path="res://Items/Interactable/Collectable/Lanza Rota/lanza_rota.tscn" id="14_4wh14"]
[ext_resource type="PackedScene" uid="uid://biqnkdq2iv56n" path="res://Items/Interactable/Collectable/Reloj/reloj.tscn" id="14_ii1ob"]
[ext_resource type="Script" path="res://Items/Interactable/Collectable/Reloj/reloj.gd" id="15_wrg77"]
[ext_resource type="Texture2D" uid="uid://5qd8e7aidrdp" path="res://Items/Interactable/Collectable/Reloj/reloj.png" id="16_5lbqc"]
[ext_resource type="Texture2D" uid="uid://bmrhyawmak456" path="res://Items/Interactable/Collectable/Lanza Rota/lanza_rota_01.png" id="19_58b82"]

[sub_resource type="ProceduralSkyMaterial" id="ProceduralSkyMaterial_ydbas"]
sky_top_color = Color(1, 1, 1, 1)
sky_curve = 10.289
ground_bottom_color = Color(0.25, 0.25, 0.25, 1)
ground_curve = 0.0951369

[sub_resource type="Sky" id="Sky_d6geo"]
sky_material = SubResource("ProceduralSkyMaterial_ydbas")

[sub_resource type="Environment" id="Environment_88i4k"]
background_mode = 2
background_color = Color(0.540288, 0.540288, 0.540288, 1)
background_energy_multiplier = 1.32
sky = SubResource("Sky_d6geo")
tonemap_mode = 2

[sub_resource type="StandardMaterial3D" id="StandardMaterial3D_ypoh0"]
albedo_color = Color(0.28, 0.28, 0.28, 1)

[node name="World" type="Node3D"]
script = ExtResource("1_3xqca")

[node name="CuentaAtras" parent="." instance=ExtResource("2_yae45")]

[node name="WorldEnvironment" type="WorldEnvironment" parent="."]
environment = SubResource("Environment_88i4k")

[node name="Elevator" parent="." instance=ExtResource("3_wxp2c")]
transform = Transform3D(1.21, 0, 0, 0, 1.21, 0, 0, 0, 1.21, 0, 1.33952, 0)

[node name="Floor" type="CSGBox3D" parent="."]
transform = Transform3D(1, 0, 0, 0, 1, 0, 0, 0, 1, 0, -0.503291, 0)
use_collision = true
size = Vector3(100, 1, 100)

[node name="Floor2" type="CSGBox3D" parent="."]
transform = Transform3D(1, 0, 0, 0, 1, 0, 0, 0, 1, 0, 10.7051, 0)
visible = false
use_collision = true
size = Vector3(100, 1, 100)

[node name="CSGBox3D" type="CSGBox3D" parent="Floor2"]
operation = 2
size = Vector3(10, 10, 10)

[node name="Mesada2" type="CSGCylinder3D" parent="Floor2"]
transform = Transform3D(1, 0, 0, 0, 1, 0, 0, 0, 1, -21.4521, 0.998116, 0)
use_collision = true
radius = 12.426
height = 0.813
sides = 32
material = SubResource("StandardMaterial3D_ypoh0")

[node name="Items" type="Node3D" parent="."]
transform = Transform3D(1, 0, 0, 0, 1, 0, 0, 0, 1, 24.0651, 2.2754, 3.38928)

[node name="Sopa" parent="Items" instance=ExtResource("7_qkvsr")]
transform = Transform3D(1, 0, 0, 0, 0.997404, 0.0720023, 0, -0.0720023, 0.997404, -42.9482, 2.16396, -12.4802)
visible = false

[node name="Knife" parent="Items" instance=ExtResource("6_lh5tr")]
transform = Transform3D(0.317818, 0, -0.948152, 0, 1, 0, 0.948152, 0, 0.317818, -35.9331, -0.736249, -3.09674)
visible = false
collision_layer = 2
collision_mask = 3

[node name="Cup" parent="Items" instance=ExtResource("7_d3h8w")]
transform = Transform3D(0.664696, 0, -0.747114, 0, 1, 0, 0.747114, 0, 0.664696, -34.6089, -1.10091, 0.571839)
visible = false
collision_layer = 2
collision_mask = 3
descripcion = "Es un taza como cualquier 
taza
 taza"

[node name="Mate" parent="Items" instance=ExtResource("8_qmxc3")]
transform = Transform3D(0.671216, 0, 0.741262, 0, 1, 0, -0.741262, 0, 0.671216, -1.24004, -0.0126193, 4.94401)
descripcion = "<null>Esto es una descripcion"

[node name="Key" parent="Items" instance=ExtResource("9_eehm1")]
transform = Transform3D(1, 0, 0, 0, 1, 0, 0, 0, 1, 0.866423, 4.47707, -13.5357)
collision_layer = 2
collision_mask = 3
descripcion = "Con esta llave abrís la puerta!"

[node name="Sombrero" parent="Items" instance=ExtResource("9_n2gw7")]
transform = Transform3D(-0.343112, 0.32656, -0.8807, -0.510389, 0.722304, 0.46667, 0.788529, 0.60962, -0.0811587, 3.90911, 0.213989, -6.12677)
script = ExtResource("10_6dm63")
max_amount_collectable = 5
item_name = "Sombrero"
item_texture = ExtResource("11_g5inv")

[node name="Mosquito" parent="Items" instance=ExtResource("11_b22sd")]
transform = Transform3D(-0.624752, 0, -0.780823, 0, 1, 0, 0.780823, 0, -0.624752, 5.94341, -1.25381, -2.95085)

[node name="Planta" parent="Items" instance=ExtResource("13_jquwm")]
transform = Transform3D(0.890531, 0, -0.454923, 0, 1, 0, 0.454923, 0, 0.890531, 0.167055, 0, 2.35327)

[node name="Reloj" parent="Items" instance=ExtResource("14_ii1ob")]
transform = Transform3D(-0.707107, 0, 0.707107, 0, 1, 0, -0.707107, 0, -0.707107, 4, 0, 4)
script = ExtResource("15_wrg77")
max_amount_collectable = 1
item_name = "Reloshi"
item_texture = ExtResource("16_5lbqc")
descripcion = "Funca conejo mientras me alejo
"

[node name="Guitarra" parent="Items" instance=ExtResource("13_tqtt0")]
transform = Transform3D(0.226566, 0, 0.973996, 0, 1, 0, -0.973996, 0, 0.226566, 0, 0, 0)

[node name="Lanza Rota" parent="Items" instance=ExtResource("14_4wh14")]
transform = Transform3D(0.707107, 0, -0.707107, 0, 1, 0, 0.707107, 0, 0.707107, 2.30367, -0.2754, -1.44967)
item_texture = ExtResource("19_58b82")

[node name="Room" parent="." instance=ExtResource("9_5heh6")]
transform = Transform3D(2.5, 0, 0, 0, 2.5, 0, 0, 0, 1.55871, 4.22007, 2.80542, 0)
visible = false

[node name="Player" parent="." instance=ExtResource("7_q7dn4")]
transform = Transform3D(1, 0, 0, 0, 1, 0, 0, 0, 1, 34.6461, 0.996709, 17.497)

[node name="Platforms" type="Node3D" parent="."]
transform = Transform3D(-1.52998, 0, 0.00865168, 0, 1.53, 0, -0.00865168, 0, -1.52998, 32.9395, 0.844048, -13.279)

[node name="Platform" parent="Platforms" instance=ExtResource("8_og3it")]
transform = Transform3D(1, 0, -4.19095e-09, 0, 1, 0, 4.19095e-09, 0, 1, 0.586727, 0.451689, -0.00331879)
material = null

[node name="Platform2" parent="Platforms" instance=ExtResource("8_og3it")]
transform = Transform3D(1, 0, -4.65661e-09, 0, 1, 0, 4.65661e-09, 0, 1, 2.9096, 1.25609, 0.0454302)
material = null

[node name="Platform3" parent="Platforms" instance=ExtResource("8_og3it")]
transform = Transform3D(1, 0, -3.72529e-09, 0, 1, 0, 3.72529e-09, 0, 1, 5.10894, 2.09176, 0.00130844)
material = null

[node name="Platform4" parent="Platforms" instance=ExtResource("8_og3it")]
transform = Transform3D(1, 0, -3.72529e-09, 0, 1, 0, 3.72529e-09, 0, 1, 5.13109, 2.78331, -2.31573)
material = null

[node name="DirectionalLight3D" type="DirectionalLight3D" parent="."]
transform = Transform3D(-0.645121, -0.312524, 0.697243, 0.600777, 0.356356, 0.715596, -0.472107, 0.880534, -0.0421358, 33.6396, 14.7078, -36.9207)
light_color = Color(0.750934, 0.750934, 0.750934, 1)
light_energy = 0.402
light_indirect_energy = 7.583
light_volumetric_fog_energy = 0.0
shadow_enabled = true
shadow_blur = 10.0
directional_shadow_fade_start = 0.875

[node name="Mesada" type="CSGCylinder3D" parent="."]
transform = Transform3D(1, 0, 0, 0, 1, 0, 0, 0, 1, -21.4521, 0.403209, 0)
use_collision = true
radius = 12.426
height = 0.813
sides = 32
material = SubResource("StandardMaterial3D_ypoh0")

[node name="SpotLight3D" type="SpotLight3D" parent="."]
transform = Transform3D(1, 0, 0, 0, 0.00492182, 0.999988, 0, -0.999988, 0.00492182, -16.4678, 9.51075, 4.53928)
visible = false
light_energy = 2.668
shadow_enabled = true
spot_range = 12.288
spot_attenuation = -0.65
spot_angle = 42.92
spot_angle_attenuation = 0.901251

[node name="SpotLight3D2" type="SpotLight3D" parent="."]
transform = Transform3D(1, 0, 0, 0, 0.00492182, 0.999988, 0, -0.999988, 0.00492182, 13.6586, 9.51075, -0.362261)
visible = false
light_energy = 2.668
shadow_enabled = true
spot_range = 12.6523
spot_attenuation = -0.65
spot_angle = 42.92
spot_angle_attenuation = 0.901251
